-0.0384251
-0.101593
-0.167383
-0.225926
-0.269165
-0.292356
-0.292911
-0.270458
-0.226616
-0.1648
-0.089892
-0.00784187
0.0748242
0.151525
0.216154
0.263563
0.289977
0.29329
0.27324
0.231424
0.171173
0.0972864
0.0156499
-0.0672334
-0.144761
-0.210757
-0.259964
-0.288462
-0.293982
-0.276084
-0.236192
-0.177486
-0.104641
-0.023461
0.0595882
0.137891
0.205209
0.25618
0.286744
0.294467
0.278732
0.240794
0.183674
0.111922
0.0312556
-0.0519011
-0.130923
-0.199516
-0.252216
-0.284824
-0.294744
-0.281184
-0.245225
-0.189732
-0.119125
-0.0390282
0.0441773
0.123864
0.193683
0.248074
0.282703
0.294813
0.283437
0.249484
0.195656
0.126243
0.0467732
-0.0364225
-0.116717
-0.187713
-0.243757
-0.280383
-0.294674
-0.285491
-0.253566
-0.201443
-0.133272
-0.0544853
0.0286419
0.109487
0.181611
0.239268
0.277865
0.294327
0.287344
0.25747
0.207087
0.140207
0.0621589
-0.0208411
-0.102181
-0.175381
-0.234611
-0.275151
-0.293773
-0.288993
-0.261193
-0.212585
-0.147044
-0.0697887
0.0130257
0.0948025
0.169027
0.229788
0.272243
0.293012
0.290439
0.264731
0.217934
0.153777
0.0773693
-0.00520103
-0.0873571
-0.162554
-0.224803
-0.269143
-0.292044
-0.291681
-0.268082
-0.223129
-0.160401
-0.0848954
-0.00262728
0.0798501
0.155967
0.219659
0.265854
0.29087
0.292716
0.271245
0.228166
0.166912
0.0923616
0.0104537
-0.0722869
-0.149269
-0.214361
-0.262376
-0.289491
-0.293546
-0.274216
-0.233043
-0.173305
-0.0997627
-0.0182728
0.0646726
0.142466
0.208911
0.258714
0.287908
0.294168
0.276994
0.237755
0.179577
0.107093
0.026079
-0.0570128
-0.135563
-0.203314
-0.25487
-0.286122
-0.294583
-0.279577
-0.2423
-0.185721
-0.114349
-0.0338668
0.0493128
0.128564
0.197574
0.250846
0.284135
0.29479
0.281962
0.246674
0.191735
0.121523
0.0416308
-0.041578
-0.121475
-0.191695
-0.246644
-0.281947
-0.294789
-0.284149
-0.250874
-0.197614
-0.128612
-0.0493653
0.0338139
0.114299
0.18568
0.242269
0.27956
0.294581
0.286135
0.254897
0.203353
0.13561
0.0570651
-0.0260259
-0.107044
-0.179534
-0.237724
-0.276976
-0.294164
-0.28792
-0.25874
-0.208949
-0.142513
-0.0647247
0.0182196
0.0997125
0.173262
0.23301
0.274197
0.293541
0.289501
0.262401
0.214397
0.149315
0.0723386
-0.0104004
-0.092311
-0.166868
-0.228132
-0.271224
-0.29271
-0.290879
-0.265877
-0.219695
-0.156012
-0.0799015
0.00257396
0.0848443
0.160356
0.223094
0.26806
0.291673
0.292051
0.269165
0.224837
0.162599
0.087408
0.00525435
-0.0773179
-0.153731
-0.217898
-0.264707
-0.29043
-0.293018
-0.272264
-0.229821
-0.169071
-0.0948529
-0.0130789
0.0697369
0.146998
0.212548
0.261168
0.288983
0.293778
0.27517
0.234643
0.175424
0.102231
0.0208943
-0.0621068
-0.14016
-0.207049
-0.257444
-0.287332
-0.29433
-0.277883
-0.239299
-0.181653
-0.109537
-0.028695
0.0544329
0.133225
0.201404
0.253539
0.285478
0.294675
0.280399
0.243787
0.187755
0.116766
0.0364754
-0.0467206
-0.126195
-0.195616
-0.249455
-0.283423
-0.294813
-0.282718
-0.248103
-0.193723
-0.123912
-0.0442301
0.0389753
0.119076
0.189691
0.245195
0.281168
0.294742
0.284838
0.252244
0.199556
0.130971
0.0519536
-0.0312026
-0.111873
-0.183632
-0.240763
-0.278715
-0.294464
-0.286757
-0.256207
-0.205247
-0.137938
-0.0596404
0.0234079
0.104591
0.177443
0.23616
0.276065
0.293978
0.288473
0.259989
0.210794
0.144807
0.0672853
-0.0155966
-0.0972361
-0.17113
-0.231391
-0.27322
-0.293285
-0.289987
-0.263588
-0.216192
-0.151575
-0.0748826
0.00777439
0.0898121
0.164695
0.226459
0.270183
0.292385
0.291295
0.267001
0.221438
0.158235
0.0824272
5.33221e-05
-0.0823248
-0.158145
-0.221367
-0.266956
-0.291279
-0.292399
-0.270226
-0.226528
-0.164784
-0.0899137
-0.007881
0.0747795
0.151483
0.21612
0.26354
0.289967
0.293296
0.273261
0.231457
0.171217
0.0973368
0.0157031
-0.0671814
-0.144714
-0.210719
-0.259939
-0.288451
-0.293986
-0.276102
-0.236224
-0.177529
-0.104691
-0.0235142
0.059536
0.137844
0.205171
0.256154
0.286732
0.294469
0.278749
0.240824
0.183715
0.111972
0.0313086
-0.0518486
-0.130876
-0.199477
-0.252188
-0.28481
-0.294745
-0.2812
-0.245255
-0.189773
-0.119173
-0.039081
0.0441246
0.123815
0.193643
0.248045
0.282688
0.294812
0.283452
0.249512
0.195696
0.126291
0.0468258
-0.0363695
-0.116668
-0.187672
-0.243727
-0.280366
-0.294672
-0.285504
-0.253594
-0.201482
-0.13332
-0.0545377
0.0285888
0.109438
0.181569
0.239237
0.277847
0.294324
0.287355
0.257496
0.207125
0.140254
0.062211
-0.0207879
-0.102131
-0.175338
-0.234578
-0.275132
-0.293769
-0.289004
-0.261217
-0.212622
-0.14709
-0.0698405
0.0129724
0.094752
0.168984
0.229754
0.272223
0.293006
0.290449
0.264754
0.21797
0.153822
0.0774208
-0.00514772
-0.0873062
-0.16251
-0.224768
-0.269121
-0.292037
-0.291689
-0.268105
-0.223164
-0.160446
-0.0849465
-0.0026806
0.0797988
0.155921
0.219624
0.26583
0.290862
0.292723
0.271266
0.2282
0.166956
0.0924122
0.010507
-0.0722352
-0.149223
-0.214324
-0.262352
-0.289481
-0.293551
-0.274236
-0.233076
-0.173349
-0.0998128
-0.018326
0.0646206
0.14242
0.208874
0.258689
0.287897
0.294171
0.277012
0.237787
0.179619
0.107143
0.0261321
-0.0569605
-0.135516
-0.203276
-0.254843
-0.28611
-0.294585
-0.279594
-0.24233
-0.185763
-0.114398
-0.0339198
0.0492602
0.128516
0.197535
0.250818
0.284121
0.294791
0.281978
0.246703
0.191776
0.121572
0.0416836
-0.0415252
-0.121426
-0.191654
-0.246615
-0.281931
-0.294788
-0.284163
-0.250902
-0.197653
-0.12866
-0.0494179
0.0337609
0.11425
0.185639
0.242239
0.279543
0.294579
0.286148
0.254923
0.203392
0.135658
0.0571174
-0.0259728
-0.106994
-0.179492
-0.237692
-0.276958
-0.294161
-0.287931
-0.258765
-0.208986
-0.14256
-0.0647767
0.0181664
0.0996623
0.173219
0.232978
0.274177
0.293536
0.289512
0.262425
0.214434
0.149361
0.0723902
-0.0103472
-0.0922603
-0.166824
-0.228099
-0.271203
-0.292704
-0.290888
-0.2659
-0.21973
-0.156057
-0.0799528
0.00252064
0.0847933
0.160311
0.223059
0.268038
0.291665
0.292059
0.269187
0.224872
0.162643
0.0874589
0.00530766
-0.0772664
-0.153686
-0.217862
-0.264684
-0.290421
-0.293024
-0.272284
-0.229854
-0.169115
-0.0949034
-0.0131322
0.0696851
0.146951
0.212512
0.261143
0.288972
0.293782
0.275189
0.234675
0.175467
0.102281
0.0209475
-0.0620547
-0.140114
-0.207011
-0.257418
-0.28732
-0.294333
-0.277901
-0.23933
-0.181695
-0.109586
-0.028748
0.0543805
0.133177
0.201365
0.253512
0.285464
0.294677
0.280416
0.243817
0.187796
0.116815
0.0365283
-0.0466679
-0.126147
-0.195576
-0.249427
-0.283408
-0.294813
-0.282733
-0.248132
-0.193764
-0.12396
-0.0442828
0.0389225
0.119027
0.18965
0.245166
0.281152
0.294741
0.284852
0.252271
0.199595
0.131019
0.0520061
-0.0311496
-0.111824
-0.18359
-0.240732
-0.278697
-0.294461
-0.286769
-0.256233
-0.205285
-0.137985
-0.0596927
0.0233547
0.104542
0.177401
0.236128
0.276046
0.293974
0.288484
0.260014
0.210831
0.144854
0.0673372
-0.0155434
-0.0971857
-0.171086
-0.231358
-0.2732
-0.29328
-0.289996
-0.263612
-0.216228
-0.15162
-0.0749342
0.00772109
0.0897613
0.164651
0.226425
0.270162
0.292378
0.291304
0.267024
0.221473
0.15828
0.0824784
0.000106644
-0.0822736
-0.1581
-0.221332
-0.266933
-0.291271
-0.292405
-0.270247
-0.226562
-0.164828
-0.0899645
-0.0079343
0.0747279
0.151437
0.216083
0.263516
0.289958
0.293301
0.273281
0.23149
0.17126
0.0973871
0.0157564
-0.0671295
-0.144668
-0.210682
-0.259913
-0.28844
-0.29399
-0.276121
-0.236256
-0.177571
-0.104741
-0.0235673
0.0594838
0.137796
0.205132
0.256127
0.28672
0.294472
0.278767
0.240855
0.183757
0.112021
0.0313616
-0.0517961
-0.130828
-0.199438
-0.252161
-0.284797
-0.294746
-0.281216
-0.245284
-0.189813
-0.119222
-0.0391339
0.0440719
0.123767
0.193603
0.248016
0.282673
0.294812
0.283467
0.24954
0.195736
0.126339
0.0468785
-0.0363166
-0.116619
-0.187631
-0.243697
-0.28035
-0.29467
-0.285518
-0.253621
-0.201521
-0.133367
-0.0545901
0.0285357
0.109388
0.181527
0.239206
0.277829
0.294321
0.287367
0.257522
0.207163
0.140301
0.0622632
-0.0207347
-0.102081
-0.175295
-0.234546
-0.275113
-0.293764
-0.289014
-0.261242
-0.212659
-0.147136
-0.0698923
0.0129191
0.0947015
0.16894
0.229721
0.272202
0.293
0.290458
0.264778
0.218006
0.153867
0.0774722
-0.0050944
-0.0872552
-0.162465
-0.224734
-0.2691
-0.292029
-0.291696
-0.268127
-0.223198
-0.16049
-0.0849975
-0.00273392
0.0797475
0.155876
0.219588
0.265807
0.290853
0.292729
0.271287
0.228234
0.167
0.0924629
0.0105603
-0.0721835
-0.149177
-0.214287
-0.262328
-0.289471
-0.293556
-0.274255
-0.233108
-0.173392
-0.099863
-0.0183793
0.0645686
0.142373
0.208836
0.258663
0.287885
0.294175
0.277031
0.237818
0.179661
0.107193
0.0261852
-0.0569082
-0.135468
-0.203237
-0.254816
-0.286097
-0.294587
-0.279611
-0.242361
-0.185804
-0.114447
-0.0339728
0.0492076
0.128468
0.197495
0.25079
0.284106
0.294791
0.281993
0.246732
0.191816
0.12162
0.0417363
-0.0414724
-0.121377
-0.191614
-0.246586
-0.281916
-0.294788
-0.284177
-0.25093
-0.197693
-0.128708
-0.0494705
0.0337079
0.114201
0.185597
0.242209
0.279526
0.294576
0.286161
0.25495
0.20343
0.135705
0.0571697
-0.0259197
-0.106944
-0.17945
-0.237661
-0.276939
-0.294157
-0.287943
-0.258791
-0.209024
-0.142606
-0.0648287
0.0181132
0.0996121
0.173176
0.232945
0.274157
0.293531
0.289522
0.262449
0.21447
0.149407
0.0724419
-0.0102939
-0.0922097
-0.16678
-0.228065
-0.271182
-0.292697
-0.290896
-0.265923
-0.219766
-0.156102
-0.0800041
0.00246732
0.0847422
0.160267
0.223024
0.268016
0.291657
0.292066
0.269208
0.224906
0.162687
0.087509
0.00535907
-0.0772186
-0.153648
-0.217841
-0.264698
-0.290464
-0.293221
-0.272423
-0.231019
-0.168617
-0.103102
