1.03472
1.39172
1.71245
1.70739
1.54009
1.2289
0.877113
0.550142
0.303976
0.156957
0.0959722
0.0795677
0.0522266
-0.0399012
-0.232782
-0.532694
-0.911168
-1.30823
-1.64339
-1.83226
-1.80532
-1.52482
-0.996111
-0.270765
0.559495
1.3772
2.05919
2.49855
2.6241
2.41361
1.89813
1.15652
0.301306
-0.541463
-1.25433
-1.74831
-1.97666
-1.94018
-1.6832
-1.28134
-0.824043
-0.395418
-0.0576131
0.159987
0.263622
0.289735
0.29274
0.3289
0.440049
0.640927
0.913084
1.20686
1.45117
1.56915
1.49622
1.19677
0.67563
-0.0183214
-0.79762
-1.54988
-2.15725
-2.5179
-2.56527
-2.28129
-1.70078
-0.906151
-0.0132822
0.848687
1.55974
2.02929
2.21044
2.10572
1.76337
1.26511
0.708345
0.186281
-0.229641
-0.50169
-0.629806
-0.647093
-0.608145
-0.573014
-0.59054
-0.68485
-0.848114
-1.04123
-1.20238
-1.26166
-1.15856
-0.858402
-0.364079
0.279792
0.991526
1.66522
2.18944
2.46819
2.43985
2.09032
1.45755
0.626439
-0.285179
-1.14665
-1.83706
-2.26573
-2.38694
-2.20596
-1.77551
-1.18358
-0.535209
0.0679785
0.546272
0.854854
0.988761
0.979191
0.882276
0.763058
0.678339
0.662288
0.717994
0.816841
0.905836
0.921246
0.805498
0.523525
0.0748
-0.501818
-1.13184
-1.71702
-2.15324
-2.35078
-2.25296
-1.84917
-1.17961
-0.330337
0.580354
1.42196
2.07424
2.44793
2.49959
2.23796
1.72057
1.04149
0.312805
-0.356401
-0.879403
-1.20571
-1.32692
-1.27376
-1.10514
-0.892121
-0.70017
-0.57386
-0.52719
-0.541651
-0.572342
-0.560676
-0.450765
-0.205729
0.179838
0.674239
1.2114
1.70171
2.04893
2.16978
2.0122
1.56836
0.879502
0.0314622
-0.858645
-1.6621
-2.26089
-2.56839
-2.54438
-2.20156
-1.60223
-0.846083
-0.0513762
0.666567
1.21542
1.54053
1.63157
1.52008
1.26889
0.955848
0.65553
0.422957
0.282714
0.22573
0.214222
0.193542
0.108124
-0.0821454
-0.388943
-0.788977
-1.2256
-1.6185
-1.87958
-1.93188
-1.72737
-1.25996
-0.570667
0.256471
1.10714
1.85599
2.38861
2.62209
2.52009
2.09939
1.42679
0.606825
-0.237192
-0.985109
-1.54054
-1.84622
-1.89131
-1.70941
-1.36812
-0.952622
-0.546712
-0.215601
0.00616152
0.119145
0.155183
0.166321
0.209201
0.328548
0.543558
0.840379
1.17253
1.46936
1.65093
1.64609
1.41
0.937157
0.26686
-0.520213
-1.31415
-1.99442
-2.45141
-2.60674
-2.42826
-1.93675
-1.20287
-0.335004
0.539859
1.29826
1.84137
2.11083
2.0966
1.83535
1.40013
0.883625
0.378705
-0.0398041
-0.32829
-0.479972
-0.522063
-0.505397
-0.489073
-0.52369
-0.637024
-0.825446
-1.05308
-1.25902
-1.37111
-1.32332
-1.07294
-0.613662
0.0184059
0.747535
1.4697
2.07046
2.44594
2.52282
2.2732
1.72141
0.941121
0.0432611
-0.84297
-1.59245
-2.10548
-2.32406
-2.2401
-1.89413
-1.36497
-0.752789
-0.158995
0.332817
0.671106
0.843067
0.872705
0.811047
0.720941
0.659951
0.66526
0.74396
0.870919
0.994718
1.05037
0.976004
0.729776
0.303175
-0.272426
-0.927729
-1.56592
-2.0797
-2.37161
-2.3736
-2.06178
-1.4633
-0.6537
0.254932
1.13282
1.85481
2.32188
2.47767
2.317
1.88472
1.26552
0.566635
-0.102753
-0.651392
-1.02114
-1.19462
-1.19406
-1.07203
-0.896269
-0.732188
-0.626928
-0.598495
-0.632318
-0.685922
-0.700613
-0.617518
-0.39431
-0.0188046
0.483824
1.05205
1.5974
2.02049
2.23064
2.16499
1.80312
1.17404
0.353826
-0.545831
-1.39622
-2.07377
-2.48153
-2.56587
-2.32517
-1.80889
-1.10729
-0.333997
0.395089
0.982376
1.36459
1.52126
1.47428
1.27896
1.0089
0.737953
0.523492
0.39431
0.34591
0.343945
0.334924
0.261673
0.0799742
-0.227471
-0.643027
-1.1141
-1.5614
-1.89396
-2.02795
-1.90532
-1.50828
-0.866516
-0.055207
0.815989
1.62106
2.23949
2.57765
2.58548
2.26533
1.67115
0.898241
0.0656612
-0.705255
-1.31205
-1.68786
-1.81063
-1.70321
-1.42471
-1.05528
-0.677591
-0.359156
-0.139133
-0.0223299
0.0185242
0.0329727
0.0778657
0.200726
0.425298
0.742658
1.11005
1.45796
1.70401
1.77097
1.60493
1.18972
0.554328
-0.228521
-1.05281
-1.79677
-2.3443
-2.60605
-2.53612
-2.14094
-1.47854
-0.648438
0.226084
1.01971
1.62669
1.97815
2.05186
1.87278
1.50466
1.03465
0.554223
0.140692
-0.157155
-0.326223
-0.387942
-0.389275
-0.388146
-0.436721
-0.566376
-0.777846
-1.03886
-1.28992
-1.45713
-1.46933
-1.27584
-0.860849
-0.251223
0.484361
1.24508
1.91481
2.38297
2.56526
2.42021
1.95808
1.24035
0.369629
-0.527955
-1.32469
-1.91315
-2.22398
-2.23603
-1.97737
-1.51695
-0.949022
-0.373619
0.122843
0.482929
0.686485
0.75047
0.720675
0.657459
0.618836
0.644798
0.746423
0.902251
1.06278
1.16215
1.13447
0.931171
0.535452
-0.0294696
-0.70049
-1.38342
-1.96899
-2.353
-2.45664
-2.24284
-1.72522
-0.967715
-0.0747652
0.826225
1.60677
2.1594
2.41562
2.35655
2.01403
1.4625
0.803144
0.143958
-0.420478
-0.825298
-1.04468
-1.09254
-1.0149
-0.875817
-0.740169
-0.657299
-0.64902
-0.704707
-0.784498
-0.829864
-0.779161
-0.584651
-0.22711
0.27539
0.866754
1.46068
1.95572
2.25465
2.28429
2.01163
1.45285
0.673195
-0.22254
-1.10729
-1.85346
-2.35499
-2.54558
-2.40941
-1.98259
-1.34498
-0.604265
0.124511
0.73978
1.17064
1.38707
1.40141
1.26124
1.03537
0.796375
0.603387
0.489037
0.453245
0.465149
0.472594
0.41698
0.250032
-0.0513511
-0.475659
-0.975082
-1.47224
-1.87419
-2.09098
-2.05488
-1.73632
-1.15303
-0.370213
0.508572
1.35824
2.05364
2.49154
2.60881
2.39336
1.88567
1.17071
0.361853
-0.419894
-1.06737
-1.50515
-1.70054
-1.6657
-1.45094
-1.13073
-0.785842
-0.485362
-0.272504
-0.157145
-0.116514
-0.103679
-0.0617568
0.0594743
0.288391
0.621327
1.01983
1.4162
1.7264
1.86771
1.77739
1.42846
0.838943
0.0725179
-0.770086
-1.56737
-2.19811
-2.56304
-2.60301
-2.30995
-1.72857
-0.948299
-0.0871972
0.729141
1.38948
1.81544
1.97313
1.87585
1.57761
1.15918
0.70976
0.308227
0.00783868
-0.172439
-0.248404
-0.26307
-0.272998
-0.331739
-0.474232
-0.705746
-0.997997
-1.29345
-1.51706
-1.59298
-1.46275
-1.10086
-0.524285
0.206387
0.994853
1.72471
2.27992
2.56612
2.52864
2.16347
1.51904
0.688384
-0.207058
-1.03859
-1.6925
-2.08904
-2.19454
-2.02452
-1.63746
-1.12079
-0.572069
-0.0794757
0.294509
0.52293
0.615912
0.613942
0.57465
0.556218
0.601263
0.724844
0.909381
1.10766
1.25339
1.27702
1.12335
0.767112
0.222744
-0.453802
-1.17217
-1.82238
-2.29465
-2.50018
-2.38896
-1.96075
-1.267
-0.403131
0.507438
1.33452
1.96358
2.31498
2.35653
2.10687
1.62947
1.01843
0.379296
-0.191216
-0.622481
-0.880854
-0.972195
-0.935888
-0.831962
-0.724387
-0.664353
-0.677295
-0.75656
-0.865109
-0.944879
-0.931723
-0.772581
-0.441003
0.0525826
0.658361
1.29329
1.85497
2.24063
2.36742
2.18987
1.71094
0.984065
0.10575
-0.800195
-1.60375
-2.19112
-2.48418
-2.45325
-2.12079
-1.5554
-0.857621
-0.140283
0.492386
0.962912
1.23239
1.30388
1.21706
1.03556
0.83009
0.661063
0.564571
0.5448
0.574426
0.602824
0.570172
0.42423
0.135949
-0.289728
-0.810496
-1.35181
-1.81973
-2.119
-2.17275
-1.93967
-1.42505
-0.683113
0.190054
1.07188
1.83414
2.36527
2.58985
2.48154
2.06696
1.41976
0.646322
-0.134176
-0.811267
-1.30207
-1.56394
-1.59859
-1.44728
-1.17829
-0.869792
-0.591749
-0.390888
-0.281838
-0.246253
-0.239918
-0.206087
-0.0919541
0.135555
0.478349
0.90284
1.34392
1.71671
1.93364
1.92358
1.6487
1.11554
0.37773
-0.470647
-1.3099
-2.01513
-2.47833
-2.62777
-2.44101
-1.94884
-1.22958
-0.394598
0.431787
1.1343
1.62622
1.86268
1.84546
1.6185
1.25557
0.842727
0.45954
0.163026
-0.0224371
-0.107205
-0.130297
-0.146738
-0.211303
-0.36245
-0.610156
-0.930527
-1.26857
-1.54873
-1.69104
-1.62955
-1.32896
-0.795818
-0.0816561
0.723037
1.50302
2.13816
2.52509
2.59649
2.33404
1.77251
0.994138
0.114199
-0.739258
-1.44772
-1.92221
-2.11713
-2.03555
-1.7251
-1.26552
-0.750926
-0.270217
0.109946
0.35639
0.472678
0.49398
0.474999
0.47384
0.535573
0.679253
0.891399
1.1275
1.3213
1.40001
1.30206
0.993551
0.47964
-0.191789
-0.935406
-1.64188
-2.19702
-2.50301
-2.49733
-2.16573
-1.54642
-0.724583
0.181923
1.04286
1.7381
2.17797
2.31755
2.16227
1.7641
1.20907
0.599133
0.0319671
-0.417044
-0.70712
-0.836381
-0.837562
-0.76643
-0.685677
-0.64803
-0.682383
-0.786094
-0.925175
-1.04237
-1.07135
-0.953892
-0.656199
-0.18058
0.430253
1.0976
1.71931
2.18814
2.41236
2.33438
1.94367
1.28105
0.433455
-0.480152
-1.32897
-1.9929
-2.38307
-2.45641
-2.2216
-1.73533
-1.08989
-0.394606
0.244949
0.745826
1.06099
1.18457
1.1483
1.01031
0.838972
0.695486
0.619065
0.61802
0.668633
0.722015
0.717363
0.598602
0.33064
-0.0885462
-0.622865
-1.20155
-1.7307
-2.11069
-2.25617
-2.1143
-1.6776
-0.988461
-0.134176
0.766773
1.58468
2.20103
2.52909
2.52868
2.21226
1.64141
0.914289
0.14682
-0.548628
-1.0829
-1.4042
-1.50413
-1.41481
-1.1979
-0.928339
-0.67634
-0.491611
-0.393216
-0.367153
-0.372019
-0.351393
-0.250015
-0.0300743
0.31621
0.760685
1.24162
1.67413
1.96665
2.04015
1.84605
1.37904
0.681804
-0.15951
-1.02854
-1.79828
-2.35325
-2.61002
-2.53201
-2.13581
-1.48764
-0.690891
0.13293
0.866009
1.41448
1.72332
1.78309
1.62754
1.32277
0.951142
0.59162
0.305437
0.11915
0.0341694
